	orig.ident	nCount_RNA	nFeature_RNA	cell_cycle	RNA_snn_res.0.4	seurat_clusters	nCount_unspliced	nFeature_unspliced	nCount_spliced	nFeature_spliced	initial_size_unspliced	initial_size_spliced	initial_size	n_counts	velocity_self_transition	velocity_length	velocity_confidence	velocity_confidence_transition	Endpoints	root_cells	end_points	velocity_pseudotime	latent_time
HEK293T_A01	0	267213.0	10573	2	0	0	133665.0	9062	267213.0	10573	133665.0	267213.0	267213.0	211772.9817898081	0.18567187	82.49	0.9434287676801412	0.5777373733160281	0	5.829726234181657e-08	0.08751695808450494	0.9821824431419373	0.9772969713634176
HEK293T_A02	0	228519.0	10195	1	4	4	192055.0	9601	228519.0	10195	192055.0	228519.0	228519.0	213830.8797474171	0.50353885	49.09	0.792822248449189	0.2614219150778631	0	6.825677368741191e-06	0.0009497760245616165	0.4651356637477875	0.7826728468695949
HEK293T_A03	0	256105.0	10031	1	1	1	134770.0	8859	256105.0	10031	134770.0	256105.0	256105.0	213609.3248042795	0.25544244	63.12	0.8864038337887172	0.5142213309182206	0	4.197499724190998e-06	0.0005942466044211751	0.3785056471824646	0.7042720643965102
HEK293T_A04	0	340958.0	11029	2	0	0	211371.0	9756	340958.0	11029	211371.0	340958.0	340958.0	212275.80025692313	0.19198638	82.39	0.9509888669718443	0.5816102187335962	0	6.013355685974136e-08	0.14105514479742196	0.9945269227027893	0.9747118270214725
HEK293T_A05	0	192395.0	9682	2	0	0	164772.0	8968	192395.0	9682	164772.0	192395.0	192395.0	212126.13465526648	0.30661774	60.48	0.6908376730761067	0.46898778141001146	0	8.870680406080419e-06	0.00576362351522419	0.7627601027488708	0.881285362226339
HEK293T_A06	0	249935.0	10247	3	2	2	142775.0	9001	249935.0	10247	142775.0	249935.0	249935.0	213714.4653249845	0.06684464	62.66	0.9769164360012063	0.7007765975468039	0	0.8409635650297623	2.6965509273390393e-09	0.007468091789633036	0.034554001531246645
HEK293T_A07	0	282111.0	10472	3	2	2	117297.0	8857	282111.0	10472	117297.0	282111.0	282111.0	213985.53723534354	0.048808873	62.66	0.969802408454356	0.7238477170886276	0	0.7592798047756395	6.626661652181154e-09	0.010956555604934692	0.034554001531246645
HEK293T_A08	0	286975.0	10527	2	0	0	227752.0	9542	286975.0	10527	227752.0	286975.0	286975.0	212161.84622702326	0.1725924	73.04	0.9150837898245698	0.5993107469868169	0	1.2490661754886306e-07	0.017062720474200373	0.9594310522079468	0.938596820608288
HEK293T_A09	0	230762.0	10158	1	1	1	172315.0	9227	230762.0	10158	172315.0	230762.0	230762.0	213389.76278156717	0.15434408	62.99	0.874498047170917	0.6347191656235	0	7.189588164205443e-06	0.000750390975959412	0.4171779155731201	0.680456182757853
HEK293T_A10	0	243528.0	9952	2	0	0	139676.0	8764	243528.0	9952	139676.0	243528.0	243528.0	211811.04331329462	0.29688966	64.71	0.9369503674071222	0.4466480392018128	0	8.619665799965036e-07	0.006171680825099197	0.8908543586730957	0.9319549948490005
HEK293T_A11	0	207705.0	10183	2	0	0	155074.0	9085	207705.0	10183	155074.0	207705.0	207705.0	211281.08706579043	0.19744915	83.11	0.965109699330354	0.5758264361789642	0	6.13791014410487e-08	0.11932511758345098	0.9937610626220703	0.9754863624113502
HEK293T_A12	0	232577.0	9934	3	1	1	111246.0	8730	232577.0	9934	111246.0	232577.0	232577.0	213612.18886648293	0.00859797	86.47	0.9250915048568482	0.787213000047739	0	0.04905804304442196	0.0004304571814732567	0.12865042686462402	0.3862533961983445
HEK293T_A13	0	232830.0	10303	1	1	1	163546.0	9362	232830.0	10303	163546.0	232830.0	232830.0	214206.64052312847	0.33842444	60.73	0.8308233335906775	0.4493734099032931	0	6.021987188009142e-06	0.0008281009505879644	0.4119102954864502	0.723492970450897
HEK293T_A14	0	229614.0	9978	3	1	1	157737.0	9138	229614.0	9978	157737.0	229614.0	229614.0	213096.94465494264	0.01669699	84.73	0.9311024314493397	0.7635823691909521	0	0.04729216359349288	0.00044333099596341095	0.19417163729667664	0.42933818558843595
HEK293T_A15	0	299891.0	10573	2	0	0	246127.0	9639	299891.0	10573	246127.0	299891.0	299891.0	211933.367446839	0.27141386	70.2	0.9221721203813907	0.4940615715242499	0	1.5292436657675268e-07	0.012827023808158934	0.9362380504608154	0.9090982593167545
HEK293T_A16	0	162816.0	9591	3	2	2	102137.0	8530	162816.0	9591	102137.0	162816.0	162816.0	213251.6176112913	0.001887083	83.72	0.9463869785579716	0.7750900299926046	0	0.427528441721286	2.4962189176912006e-08	0.027656668797135353	0.14282512622752985
HEK293T_A17	0	273804.0	10345	3	2	2	126873.0	8821	273804.0	10345	126873.0	273804.0	273804.0	213104.3605425779	0.17515057	51.87	0.9679195178312442	0.5949460992730071	0	1.0	0.0	0.021093863993883133	0.0
HEK293T_A18	0	238161.0	10039	2	0	0	134076.0	8764	238161.0	10039	134076.0	238161.0	238161.0	211409.27323113356	0.16616523	70.3	0.9345912384736185	0.6020983760595605	0	1.2602291877406012e-07	0.017049016063274778	0.9567902684211731	0.9322781070580026
HEK293T_A19	0	175465.0	9747	1	4	4	80287.0	8046	175465.0	9747	80287.0	175465.0	175465.0	212571.48136095516	0.4490402	47.5	0.8689970674793362	0.34523744359452196	0	2.2015754486848847e-06	0.0008084363014721723	0.4418635666370392	0.7691179550661515
HEK293T_A20	0	221504.0	10079	3	2	2	131414.0	8855	221504.0	10079	131414.0	221504.0	221504.0	213451.7062987576	0.10090947	58.71	0.9805388928704888	0.6725310528964408	0	0.9205364960857048	1.9437569202006313e-09	0.0064879776909947395	0.02053823014360983
HEK293T_A21	0	199820.0	10073	1	4	4	130047.0	8927	199820.0	10073	130047.0	199820.0	199820.0	213610.7523771394	0.48267245	48.18	0.8591451413555686	0.21624264811577246	0	3.652218551414944e-06	0.0009589726249967748	0.4584519565105438	0.7975515278189276
HEK293T_A22	0	338661.0	10599	3	2	2	216428.0	9583	338661.0	10599	216428.0	338661.0	338661.0	213769.08014208896	0.1004768	56.15	0.9734930680491946	0.665460607187123	0	0.8409635650297623	2.6965509273390393e-09	0.007522178813815117	0.014296313428369694
HEK293T_A23	0	182594.0	9402	2	3	3	61153.0	7543	182594.0	9402	61153.0	182594.0	182594.0	210850.05797014144	0.13556314	79.79	0.9101219386969026	0.6542275019714894	0	8.568054159310819e-08	0.05541431710795405	0.9794577360153198	0.9744030436085382
HEK293T_A24	0	173355.0	9904	2	0	0	86072.0	8595	173355.0	9904	86072.0	173355.0	173355.0	212813.59901358487	0.25245678	80.26	0.9608397114987188	0.5293083371804645	0	3.81401891083194e-08	0.13453007120787902	0.9558749198913574	0.9503191238550709
HEK293T_A25	0	219146.0	10447	2	0	0	124948.0	9145	219146.0	10447	124948.0	219146.0	219146.0	212453.48921723416	0.14269811	76.42	0.907633777571063	0.6378756295386305	0	6.243783054224285e-07	0.024284755857067852	0.9408857226371765	0.9499942217821185
HEK293T_A26	0	183802.0	9548	2	3	3	60522.0	7634	183802.0	9548	60522.0	183802.0	183802.0	211142.45695367843	0.22323722	81.67	0.9601215679944888	0.5483396560110742	0	6.080497533448193e-06	0.10508555926529875	0.9303334355354309	0.9450165141071915
HEK293T_A27	0	244938.0	10330	3	2	2	173317.0	9275	244938.0	10330	173317.0	244938.0	244938.0	213935.74099159788	0.018197715	87.2	0.9263378645392624	0.7623609729795219	0	0.0913475656737947	0.00021811404362996183	0.08682692795991898	0.2808802436460673
HEK293T_A28	0	281331.0	10607	3	2	2	202183.0	9628	281331.0	10607	202183.0	281331.0	281331.0	213342.62442816468	0.027168453	73.42	0.9616548892553584	0.7514803022400736	0	0.6790605469173333	8.247128933009894e-09	0.008117546327412128	0.07419986228265348
HEK293T_A29	0	179827.0	9719	2	0	0	71554.0	7890	179827.0	9719	71554.0	179827.0	179827.0	211487.11383162707	0.30007544	84.13	0.9056881161970237	0.4554443601932843	0	3.6462661760356963e-06	0.002397946188153229	0.8579232692718506	0.9188385757545534
HEK293T_A30	0	273996.0	10450	2	0	0	168686.0	9328	273996.0	10450	168686.0	273996.0	273996.0	211389.7887596899	0.25605738	65.11	0.9583699538080778	0.48104848094729197	0	1.9509615372195073e-07	0.008180048634621408	0.9240450859069824	0.901767259491881
HEK293T_A31	0	229135.0	9773	3	3	3	147108.0	8871	229135.0	9773	147108.0	229135.0	229135.0	212442.16063456042	0.27983057	80.7	0.9465884161277159	0.4881392637132833	0	7.253773954847035e-06	0.3196488632317292	0.9184030294418335	0.979133470418785
HEK293T_A32	0	275035.0	10548	1	4	4	190105.0	9483	275035.0	10548	190105.0	275035.0	275035.0	213196.52822368062	0.4242608	48.02	0.8736396486907527	0.3662178422937509	0	2.2015754486848847e-06	0.0008084363014721723	0.4410994052886963	0.7733484655812678
HEK293T_A33	0	172047.0	9488	1	1	1	122360.0	8615	172047.0	9488	122360.0	172047.0	172047.0	213061.22516521646	0.36422837	52.4	0.8587528417328024	0.4078662918740482	0	1.6084846876096384e-06	0.0005772419327329151	0.40624237060546875	0.7480835037065031
HEK293T_A34	0	278696.0	10203	2	0	0	138427.0	8843	278696.0	10203	138427.0	278696.0	278696.0	212220.9897020409	0.29625005	84.26	0.9070779015189481	0.4755789293331293	0	4.7547316390263365e-06	0.0024451432236320203	0.8536137342453003	0.9164969859361738
HEK293T_A35	0	221105.0	9841	2	0	0	164013.0	8895	221105.0	9841	164013.0	221105.0	221105.0	211160.73638316637	0.25973094	63.87	0.9471527333790176	0.4757620767170096	0	7.709094953080407e-07	0.008184189272692172	0.9070165157318115	0.9396206018495705
HEK293T_A36	0	286051.0	10390	2	0	0	190533.0	9311	286051.0	10390	190533.0	286051.0	286051.0	212986.2065191172	0.22348934	81.05	0.889199701743858	0.5545983400910859	0	7.237516243530097e-06	0.007525179019168848	0.8323348164558411	0.9143829819638686
HEK293T_A37	0	199775.0	9614	1	1	1	87058.0	8251	199775.0	9614	87058.0	199775.0	199775.0	212608.16013014637	0.09384984	69.38	0.9203127179909165	0.698742852192549	0	5.32263363119742e-06	0.0004778392763032043	0.3516104519367218	0.6241900616599958
HEK293T_A38	0	152381.0	9081	1	1	1	139420.0	8416	152381.0	9081	139420.0	152381.0	152381.0	212281.97841594424	0.347966	52.46	0.8545840977784688	0.4291517233098833	0	1.6084846876096384e-06	0.0005772419327329151	0.411032497882843	0.7557229885238183
HEK293T_A39	0	255353.0	10515	2	0	0	188718.0	9486	255353.0	10515	188718.0	255353.0	255353.0	211682.3415702968	0.17396182	74.86	0.9136244053767141	0.6011050195373892	0	1.0189119823218354e-07	0.024269150254266937	0.941588282585144	0.946074560344132
HEK293T_A40	0	185962.0	9802	1	4	4	98441.0	8224	185962.0	9802	98441.0	185962.0	185962.0	212507.54381002573	0.5287701	44.09	0.8088096970883187	0.19752123214945297	0	4.395745719323184e-06	0.0009332148293880468	0.5425354838371277	0.8039720872883491
HEK293T_A41	0	137135.0	9212	1	1	1	110268.0	8512	137135.0	9212	110268.0	137135.0	137135.0	213767.01261530607	0.09437096	69.7	0.9204070456174763	0.6974649073243278	0	5.32263363119742e-06	0.0004778392763032043	0.34828224778175354	0.6207175565403978
HEK293T_A42	0	299162.0	10602	3	2	2	244540.0	9733	299162.0	10602	244540.0	299162.0	299162.0	213483.07186073097	0.014816046	87.36	0.9415109194243458	0.7767700572741022	0	0.16638258530455313	0.0002180252306380734	0.05778443440794945	0.18769448288172597
HEK293T_A43	0	233678.0	10366	3	2	2	151768.0	9339	233678.0	10366	151768.0	233678.0	233678.0	214253.81563091092	0.0	78.57	0.9453429693312076	0.7930346068698183	0	0.5078373155205097	4.637914580113844e-08	0.024450162425637245	0.10303486953627512
HEK293T_A44	0	167941.0	9555	2	0	0	148833.0	8919	167941.0	9555	148833.0	167941.0	167941.0	212405.16688598972	0.39082652	55.75	0.6322015156734425	0.4094532171034479	0	8.657505444178628e-06	0.005789837532969892	0.6909199953079224	0.8835563219666019
HEK293T_A45	0	175544.0	9443	1	1	1	76048.0	7943	175544.0	9443	76048.0	175544.0	175544.0	213190.7458016224	0.1112625	66.28	0.9181084948433139	0.678498535803852	0	5.918396747820818e-06	0.0005827342667398847	0.36457809805870056	0.6490789175954558
HEK293T_A46	0	185042.0	9687	2	0	0	100378.0	8231	185042.0	9687	100378.0	185042.0	185042.0	211941.35782687174	0.22608185	63.47	0.9596182218085872	0.519283021670675	0	1.9712979496877224e-07	0.0055298141392751705	0.9191848039627075	0.9296685974016632
HEK293T_A47	0	284184.0	10656	3	2	2	176195.0	9608	284184.0	10656	176195.0	284184.0	284184.0	213726.91696224984	0.0	80.38	0.9395215820956246	0.8063824753991963	0	0.33528965078027395	0.00021801971772713287	0.041879426687955856	0.11644557941515907
HEK293T_A48	0	158676.0	9402	2	0	0	81716.0	8019	158676.0	9402	81716.0	158676.0	158676.0	212734.58886031914	0.22288519	85.03	0.8858932429731372	0.5538431477574388	0	6.365230106883155e-06	0.007476079451899398	0.8434418439865112	0.9178817278813876
HEK293T_A49	0	197956.0	10123	2	0	0	88783.0	8393	197956.0	10123	88783.0	197956.0	197956.0	213088.45011012547	0.20133817	87.89	0.9046602315367815	0.5795240693751572	0	1.1453211563011774e-05	0.0251104810521418	0.8828476667404175	0.9434834648538011
HEK293T_A50	0	273760.0	10610	2	0	0	180572.0	9376	273760.0	10610	180572.0	273760.0	273760.0	212982.84046244886	0.25850737	64.75	0.952790234969342	0.4782439248679248	0	1.8836452084277567e-07	0.010444166809131484	0.9213960766792297	0.9056589793182578
HEK293T_A51	0	216444.0	9578	3	1	1	106357.0	8304	216444.0	9578	106357.0	216444.0	216444.0	212303.48895326277	0.0349136	78.27	0.9186888942048167	0.7299877715064499	0	0.013839920145289517	0.0005172579165561916	0.26978158950805664	0.5397809955987343
HEK293T_A52	0	210167.0	9874	2	0	0	120546.0	8683	210167.0	9874	120546.0	210167.0	210167.0	211948.43484467117	0.14435786	80.68	0.9156855661048244	0.6463384320675661	0	6.921864488117713e-08	0.0604789477377783	0.9623594880104065	0.972207762828454
HEK293T_A53	0	243897.0	10636	1	4	4	198007.0	9549	243897.0	10636	198007.0	243897.0	243897.0	212334.91167173025	0.38507077	52.74	0.6237218929732355	0.3898576829336822	0	8.305774259450984e-06	0.0058356333756235815	0.715198814868927	0.8634864379229727
HEK293T_A54	0	218394.0	10349	2	0	0	132976.0	9158	218394.0	10349	132976.0	218394.0	218394.0	212949.30400560456	0.24204344	61.92	0.769111034090395	0.5226212383682353	0	1.406341411399699e-05	0.008598758095211307	0.755547821521759	0.9050258805028838
HEK293T_A55	0	204121.0	10409	2	4	4	151522.0	9375	204121.0	10409	151522.0	204121.0	204121.0	212427.53800441895	0.23875678	84.78	0.9046401561999499	0.5285543088995137	0	5.441413626125775e-06	0.00968147791158863	0.8257503509521484	0.9263680133816422
HEK293T_A56	0	199339.0	9748	1	1	1	126881.0	8801	199339.0	9748	126881.0	199339.0	199339.0	213520.98787492665	0.25768214	63.89	0.8886649306298298	0.5085158174363762	0	3.120453098547898e-06	0.0005875016278020441	0.3689493238925934	0.6940066749284821
HEK293T_A57	0	191857.0	9788	2	0	0	82610.0	8102	191857.0	9788	82610.0	191857.0	191857.0	211928.63441521546	0.26318604	81.39	0.9309535462935957	0.505260222529743	0	7.271829712553199e-06	0.10354558178705411	0.9221585988998413	0.9760139899407159
HEK293T_A58	0	220953.0	10122	3	3	3	148691.0	9133	220953.0	10122	148691.0	220953.0	220953.0	211534.0	0.22981822	79.33	0.9800263941525955	0.566923284601855	0	1.6090692629899687e-08	0.5581603499718111	0.9689385294914246	0.9919990253423862
HEK293T_A59	0	187668.0	9366	1	0	0	71521.0	7666	187668.0	9366	71521.0	187668.0	187668.0	211182.08035999746	0.32528114	85.78	0.8398343860154286	0.4245071990118157	0	6.672336678782841e-06	0.0005695563843640334	0.8329818248748779	0.9046581872717453
HEK293T_A60	0	154379.0	9525	2	0	0	76039.0	8046	154379.0	9525	76039.0	154379.0	154379.0	211937.63555924056	0.29491934	63.11	0.9128903193348443	0.4567302937015443	0	4.940460970713088e-06	0.00044867607116499383	0.8573216795921326	0.9095951926658855
HEK293T_A61	0	211112.0	10080	3	1	1	155811.0	9274	211112.0	10080	155811.0	211112.0	211112.0	213288.637865209	0.05567211	79.09	0.9288281181101793	0.7064717377739983	0	0.019574698177537347	0.000490810156797871	0.25325679779052734	0.5296156644319309
HEK293T_A62	0	182175.0	10028	3	3	3	130555.0	8945	182175.0	10028	130555.0	182175.0	182175.0	210915.3602140799	0.45284498	77.92	0.9858019210369399	0.317903279308526	0	2.828851056609838e-08	0.9891742044962532	1.0	0.9947821141694069
HEK293T_A63	0	283412.0	10458	2	0	0	161883.0	9213	283412.0	10458	161883.0	283412.0	283412.0	211444.00341199388	0.3039591	63.16	0.945293857707313	0.43355453703617464	0	8.514250462822939e-07	0.0035219507808591888	0.9056842923164368	0.928396317856366
HEK293T_A64	0	218881.0	10238	3	3	3	128364.0	9052	218881.0	10238	128364.0	218881.0	218881.0	212054.55429205825	0.28856057	78.11	0.9795437549185355	0.5056621161693756	0	5.342241142353617e-09	0.9443470260853967	0.9690809845924377	0.9825618964747184
HEK293T_A65	0	274440.0	10879	3	2	2	186907.0	9703	274440.0	10879	186907.0	274440.0	274440.0	213046.86947966766	0.17515057	51.87	0.9679195178312445	0.5949461087403681	0	1.0	0.0	0.0	0.0
HEK293T_A66	0	200853.0	10059	1	4	4	122453.0	8860	200853.0	10059	122453.0	200853.0	200853.0	213261.28827052622	0.5039114	48.52	0.7630555576586239	0.26087574295423077	0	4.939243281106074e-06	0.0009860185066448497	0.5009065270423889	0.7899321973984919
HEK293T_A67	0	162394.0	9447	2	3	3	124874.0	8597	162394.0	9447	124874.0	162394.0	162394.0	211224.72216953826	0.19429368	81.01	0.9656962280754147	0.5820753112557627	0	5.0150077606036804e-08	0.09757429343909109	0.9670892357826233	0.9652401162719167
HEK293T_A68	0	277804.0	10704	1	0	0	216683.0	9797	277804.0	10704	216683.0	277804.0	277804.0	210756.5396898533	0.21364272	82.62	0.9741072830861328	0.5618843087261938	0	4.763077764896254e-08	0.18243050974410802	0.9962363243103027	0.9681956793939824
HEK293T_A69	0	183182.0	9842	1	4	4	127282.0	8770	183182.0	9842	127282.0	183182.0	183182.0	212941.46051467938	0.12761974	62.71	0.8510868101303409	0.6620250090517823	0	0.003053611421654273	0.000925794608855581	0.3874284029006958	0.6608686446931334
HEK293T_A70	0	161842.0	9509	3	3	3	111225.0	8657	161842.0	9509	111225.0	161842.0	161842.0	210304.136293422	0.1920197	82.08	0.9357044148488343	0.5477775444005747	0	4.8450807273225713e-08	0.08195787137815902	0.9553399085998535	0.9595196593321097
HEK293T_A71	0	188147.0	9849	2	0	0	98884.0	8469	188147.0	9849	98884.0	188147.0	188147.0	211819.97379708418	0.2926019	74.18	0.9016944988250608	0.48630427853126496	0	1.33119578738491e-07	0.014995172693236492	0.9427858591079712	0.921854548749258
HEK293T_A72	0	244515.0	10427	1	4	4	161336.0	9404	244515.0	10427	161336.0	244515.0	244515.0	212949.47988466965	0.5254264	47.59	0.8877456471593446	0.20486190333672957	0	3.3675545243797583e-06	0.0009361028517173022	0.4625760316848755	0.801801265426427
HEK293T_A73	0	160085.0	9283	2	0	0	125260.0	8272	160085.0	9283	125260.0	160085.0	160085.0	210109.9680607178	0.32185808	64.11	0.9383653351900593	0.42262813973564756	0	1.5099723401329107e-06	0.00230826717856937	0.8885561227798462	0.9200627570268624
HEK293T_A74	0	189738.0	9866	2	0	0	87387.0	8218	189738.0	9866	87387.0	189738.0	189738.0	211625.22417227965	0.12779093	71.74	0.9248728920339411	0.6359069846081521	0	1.123281976875686e-07	0.01704122369780065	0.9601889848709106	0.9434495302876957
HEK293T_A75	0	305275.0	10514	3	2	2	176745.0	9312	305275.0	10514	176745.0	305275.0	305275.0	211927.4200802555	0.17515057	51.87	0.9679195178312445	0.5949461087403681	0	1.0	0.0	0.00047587265726178885	0.0
HEK293T_A76	0	315524.0	10723	3	3	3	217872.0	9748	315524.0	10723	217872.0	315524.0	315524.0	210851.5591428861	0.19746667	81.19	0.952690853096929	0.5795166671044166	0	5.784333483042619e-08	0.08744564497516986	0.962819516658783	0.9655045052184514
HEK293T_A77	0	329468.0	10678	2	0	0	207911.0	9555	329468.0	10678	207911.0	329468.0	329468.0	212048.96992424148	0.28617924	69.56	0.9449844349604314	0.4787731014678459	0	7.039076872485679e-07	0.01043929848526901	0.9253409504890442	0.9238743994877535
HEK293T_A78	0	324211.0	11019	2	0	0	208431.0	9658	324211.0	11019	208431.0	324211.0	324211.0	211292.59743808815	0.11827278	81.5	0.9310808876121336	0.6682739769435821	0	7.169423672538075e-08	0.07518263503639766	0.9912141561508179	0.9757891521710735
HEK293T_A79	0	263788.0	10416	1	1	1	192268.0	9327	263788.0	10416	192268.0	263788.0	263788.0	212981.4103105524	0.0693267	70.87	0.8997755585826492	0.7262334537790768	0	0.00034018913925914997	0.0007713686112215496	0.3481905460357666	0.5876123073293377
HEK293T_A80	0	203482.0	10370	1	0	0	190188.0	9525	203482.0	10370	190188.0	203482.0	203482.0	212370.36118182447	0.23791665	84.12	0.9217738306046316	0.5333949097854775	0	4.658083215917042e-06	0.012273635936833999	0.8622931838035583	0.9286387927503332
HEK293T_A81	0	166406.0	9494	1	0	0	110909.0	8480	166406.0	9494	110909.0	166406.0	166406.0	212975.60961744166	0.3896861	49.73	0.6550859763867463	0.37040716470685536	0	7.323624411856487e-06	0.0009673050451296082	0.7026845812797546	0.8304575146655084
HEK293T_A82	0	176694.0	9651	3	2	2	73248.0	8029	176694.0	9651	73248.0	176694.0	176694.0	213470.10441780704	0.12320739	56.27	0.9785032986323261	0.6504273544929162	0	0.9205364960857048	1.9437569202006313e-09	0.006832186132669449	0.013326434728422308
HEK293T_B01	0	295233.0	10695	3	2	2	150349.0	9324	295233.0	10695	150349.0	295233.0	295233.0	215082.53385292293	0.17515057	51.87	0.9679195178312445	0.5949461090022465	0	1.0	0.0	0.026379523798823357	0.0
HEK293T_B02	0	209808.0	9787	3	1	1	159056.0	9141	209808.0	9787	159056.0	209808.0	209808.0	212445.89667696183	0.01078099	86.75	0.9321998474726817	0.7726641661492414	0	0.0611680434673859	0.00034707979050584224	0.10628397017717361	0.3489557358694214
HEK293T_B03	0	259865.0	10432	3	2	2	193475.0	9227	259865.0	10432	193475.0	259865.0	259865.0	214003.81919842996	0.10090947	58.71	0.980538892870489	0.6725310834492585	0	0.9205364960857048	1.9437569202006313e-09	0.0064879776909947395	0.02053823014360983
HEK293T_B04	0	258852.0	10604	2	0	0	216546.0	9550	258852.0	10604	216546.0	258852.0	258852.0	211844.36084326176	0.25850737	64.75	0.9527902349693418	0.47824391650664877	0	1.8836452084277567e-07	0.010444166809131484	0.9213960766792297	0.9056589793182578
HEK293T_B05	0	235264.0	10129	2	0	0	175923.0	9088	235264.0	10129	175923.0	235264.0	235264.0	212753.1026803931	0.34339875	63.93	0.9369091569721327	0.3982868739521109	0	2.275784556925409e-06	0.00037039843068691097	0.8931955695152283	0.9159301455145599
HEK293T_B06	0	236704.0	10189	3	1	1	165510.0	9287	236704.0	10189	165510.0	236704.0	236704.0	214002.47935818575	0.0	86.3	0.9320474928134792	0.7833054137990856	0	0.05678092641421772	0.00040759380071636993	0.11388164758682251	0.3749842121517759
HEK293T_B07	0	237762.0	10359	3	0	0	172468.0	9209	237762.0	10359	172468.0	237762.0	237762.0	211252.0033436798	0.25551057	81.14	0.9735885639908255	0.5352338398672963	0	5.0394851791972534e-08	0.14293304068602206	0.991731584072113	0.9639828335509147
HEK293T_B08	0	208585.0	9626	2	0	0	69753.0	7841	208585.0	9626	69753.0	208585.0	208585.0	212035.85661001512	0.21826005	63.16	0.959295612366227	0.531333006992152	0	1.9712979496877224e-07	0.0055298141392751705	0.9163972735404968	0.9316064572374934
HEK293T_B09	0	286950.0	10560	2	0	0	208988.0	9762	286950.0	10560	208988.0	286950.0	286950.0	212104.8699320439	0.20363754	81.09	0.8750344554726163	0.5735141945502006	0	1.1776365555794377e-05	0.038309071265564265	0.8711700439453125	0.9414338586904952
HEK293T_B10	0	297683.0	10831	1	2	2	236739.0	9782	297683.0	10831	236739.0	297683.0	297683.0	213713.16580725132	0.23384923	79.31	0.608444428846654	0.5469793236842659	0	0.00034673462613678046	0.0064843089333605376	0.4634816348552704	0.732304166027934
HEK293T_B11	0	189429.0	10100	2	0	0	139433.0	8906	189429.0	10100	139433.0	189429.0	189429.0	212122.06512202462	0.25745845	62.7	0.9510859265057667	0.48545032804114235	0	3.589210302699117e-07	0.003504463208625624	0.9084968566894531	0.9212023086753923
HEK293T_B12	0	247329.0	10339	1	4	4	154441.0	9222	247329.0	10339	154441.0	247329.0	247329.0	213240.65228096987	0.36609423	61.06	0.8275510576796978	0.41414223617096096	0	5.624915389418694e-06	0.0008058766652506196	0.403747022151947	0.7419477614038931
HEK293T_B13	0	154786.0	9343	3	1	1	70518.0	7846	154786.0	9343	70518.0	154786.0	154786.0	213248.9224929903	0.05567211	79.09	0.9288281181101793	0.7064717376401288	0	0.019574698177537347	0.000490810156797871	0.2547542154788971	0.5296156644319309
HEK293T_B14	0	191779.0	9801	1	1	1	146313.0	8944	191779.0	9801	146313.0	191779.0	191779.0	213929.6580908233	0.0693267	70.87	0.9040635835579247	0.7248247371071258	0	6.718193652585279e-06	0.0004994207363349542	0.33858707547187805	0.5876123073293377
HEK293T_B15	0	371663.0	10914	3	3	3	214283.0	9680	371663.0	10914	214283.0	371663.0	371663.0	212469.51009113094	0.789718	76.79	0.9808589833564926	-0.3589288571827796	0	0.0	0.9994493651740491	0.9791388511657715	0.9712371234645735
HEK293T_B16	0	234322.0	10265	3	3	3	116407.0	8888	234322.0	10265	116407.0	234322.0	234322.0	212224.1485861336	0.44109833	77.67	0.9871331843312646	0.33431534174555627	0	1.347084399801946e-08	0.9954385024948244	0.9853923916816711	0.9892742940465772
HEK293T_B17	0	215326.0	10199	1	4	4	139749.0	9084	215326.0	10199	139749.0	215326.0	215326.0	213653.09361619127	0.28045768	58.13	0.8419625974796956	0.4825959608781315	0	1.8924631029288575e-06	0.0006133228199207778	0.4040628969669342	0.7313479275976429
HEK293T_B18	0	172709.0	9419	3	1	1	78888.0	7980	172709.0	9419	78888.0	172709.0	172709.0	213264.18511484636	0.14637208	67.19	0.9073865400205353	0.6330262889271857	0	3.6495250665495817e-06	0.0005193998824006318	0.35781925916671753	0.64249531047119
HEK293T_B19	0	160039.0	8972	1	1	1	87807.0	7843	160039.0	8972	87807.0	160039.0	160039.0	214403.3400296178	0.108656645	70.09	0.9234494719561944	0.6816036885711886	0	5.2359510320182525e-06	0.00044571923965468116	0.3564644157886505	0.616311524358069
HEK293T_B20	0	328320.0	11262	3	2	2	248529.0	10075	328320.0	11262	248529.0	328320.0	328320.0	213372.54619883042	0.17515057	51.87	0.9679195178312442	0.5949461070345068	0	1.0	0.0	0.003798491321504116	0.0
HEK293T_B21	0	276528.0	10588	3	3	3	205993.0	9603	276528.0	10588	205993.0	276528.0	276528.0	212641.53386998785	0.2959822	77.63	0.980459675239115	0.4928902836118201	0	3.461405095584647e-09	0.9734860126101311	0.9729006886482239	0.9823797219539031
HEK293T_B22	0	168326.0	9539	2	0	0	122182.0	8480	168326.0	9539	122182.0	168326.0	168326.0	212051.92534130198	0.28179842	62.93	0.9500045412594421	0.45609434577539965	0	9.874852329426654e-07	0.002292661575768457	0.9030042886734009	0.9193030429373559
HEK293T_B23	0	205545.0	10339	2	0	0	139884.0	9069	205545.0	10339	139884.0	205545.0	205545.0	211605.13316791944	0.22010905	69.5	0.9243811240414334	0.5377050024628958	0	1.404993241448826e-07	0.00985235759003569	0.9734233021736145	0.9156192857515165
HEK293T_B24	0	190965.0	9572	1	1	1	142508.0	8872	190965.0	9572	142508.0	190965.0	190965.0	213792.11650302412	0.20064849	65.47	0.9062999130610386	0.5735668486779497	0	3.3540203669527642e-06	0.0005418547994497553	0.36780598759651184	0.6697777546841762
HEK293T_B25	0	194983.0	10076	1	4	4	95894.0	8339	194983.0	10076	95894.0	194983.0	194983.0	213212.17160470402	0.4633427	47.43	0.7419091472071602	0.2605659838075968	0	5.61490899494547e-06	0.0009694493984790371	0.6062032580375671	0.8121108587264938
HEK293T_B26	0	239435.0	10009	3	1	1	144444.0	8880	239435.0	10009	144444.0	239435.0	239435.0	213377.65313341824	0.05567211	79.09	0.9288281181101793	0.7064718038448623	0	0.019574698177537347	0.000490810156797871	0.2770526707172394	0.5296156644319309
HEK293T_B27	0	285294.0	10494	3	2	2	186887.0	9332	285294.0	10494	186887.0	285294.0	285294.0	213781.3637931397	0.1476171	53.46	0.9710255029939169	0.6281845874776791	0	0.9205364960857048	1.9437569202006313e-09	0.006392466835677624	0.006443864075381735
HEK293T_B28	0	267286.0	9808	1	1	1	106451.0	8492	267286.0	9808	106451.0	267286.0	267286.0	212495.50449705555	0.14897722	67.06	0.9154716367702147	0.6294699483309216	0	3.947753997631054e-06	0.0005030072556325095	0.35770151019096375	0.642084591922403
HEK293T_B29	0	210157.0	9925	2	3	3	120474.0	8760	210157.0	9925	120474.0	210157.0	210157.0	210682.1555503742	0.22112834	80.64	0.9754019526816536	0.5663764462089403	0	3.6968433455377704e-08	0.16218352270212544	0.9747726321220398	0.9988105323384296
HEK293T_B30	0	303257.0	10819	3	1	1	173663.0	9684	303257.0	10819	173663.0	303257.0	303257.0	213607.25646893558	0.018971682	83.43	0.9085950661526109	0.7796046857823159	0	0.03671686567731074	0.0004903643455414123	0.14026284217834473	0.4641019952798477
HEK293T_B31	0	197328.0	9575	3	1	1	89122.0	8278	197328.0	9575	89122.0	197328.0	197328.0	213420.61315677452	0.012663841	85.2	0.9444212041200175	0.7751098122511195	0	0.30493443666843506	6.240595449826889e-08	0.03580111637711525	0.15921550051243147
HEK293T_B32	0	244650.0	10054	3	3	3	160679.0	9063	244650.0	10054	160679.0	244650.0	244650.0	210692.4357939914	0.20329475	81.18	0.9706367170587102	0.5816443188446652	0	3.226489333043544e-08	0.13481609818751888	0.972365140914917	0.9647602724547218
HEK293T_B33	0	186921.0	9631	1	4	4	110491.0	8517	186921.0	9631	110491.0	186921.0	186921.0	214273.1437880174	0.34979758	51.34	0.8678977149670876	0.43493152549652153	0	2.0695165170352454e-06	0.0007547672783954843	0.4380917549133301	0.766354268375055
HEK293T_B34	0	226386.0	10204	1	4	4	163586.0	9210	226386.0	10204	163586.0	226386.0	226386.0	213604.68722005773	0.44477957	48.26	0.8663658488125393	0.34335764039743183	0	2.2100884336019275e-06	0.0008155564470176498	0.45808145403862	0.7662589870192748
HEK293T_B35	0	224568.0	10017	1	1	1	142181.0	8974	224568.0	10017	142181.0	224568.0	224568.0	213120.15278668373	0.05557269	70.39	0.9150836706257479	0.7354367367214275	0	5.32263363119742e-06	0.0004778392763032043	0.3415306806564331	0.6067250529217478
HEK293T_B36	0	278050.0	10786	3	2	2	186698.0	9546	278050.0	10786	186698.0	278050.0	278050.0	213415.7253911167	0.17515057	51.87	0.9679195178312445	0.5949460644900673	0	1.0	0.0	0.021093863993883133	0.0
HEK293T_B37	0	286271.0	10596	3	3	3	186600.0	9410	286271.0	10596	186600.0	286271.0	286271.0	211747.36467193672	0.45709097	77.19	0.9872590878228923	0.3154756941528127	0	1.916282965752665e-08	0.994692716512624	0.99666428565979	0.9890925344896312
HEK293T_B38	0	232483.0	10140	3	2	2	113239.0	8636	232483.0	10140	113239.0	232483.0	232483.0	212995.25913722726	0.12320739	56.27	0.9785032986323261	0.6504273446409249	0	0.9205364960857048	1.9437569202006313e-09	0.006832186132669449	0.013326434728422308
HEK293T_B39	0	142436.0	9220	1	4	4	103717.0	8347	142436.0	9220	103717.0	142436.0	142436.0	213655.94790642813	0.45435944	48.44	0.872537088170823	0.3290717346331524	0	2.4856063246882533e-06	0.0008493427181319724	0.4623190760612488	0.7755573736478178
HEK293T_B40	0	239990.0	10278	2	0	0	130687.0	9015	239990.0	10278	130687.0	239990.0	239990.0	212267.34392266345	0.16878885	81.58	0.9314806366047278	0.6204035453151895	0	6.300623616382919e-08	0.07212603378799182	0.9627618193626404	0.972763759348756
HEK293T_B41_M	0	215399.0	10412	3	2	2	151500.0	9292	215399.0	10412	151500.0	215399.0	215399.0	213720.1920343177	0.035721183	66.81	0.967150984695904	0.7402194543170483	0	0.7592798047756395	6.626780877888936e-09	0.009713695384562016	0.04790478317071172
HEK293T_B42_M	0	232760.0	10409	3	2	2	108640.0	8905	232760.0	10409	108640.0	232760.0	232760.0	213776.48908747206	0.02612406	73.6	0.9577527831635023	0.7522007585200233	0	0.7592798047756395	6.626780877888936e-09	0.008405554108321667	0.07497599730158103
HEK293T_B43_M	0	183874.0	10001	3	2	2	133830.0	9137	183874.0	10001	133830.0	183874.0	183874.0	213711.8306231441	0.00019389391	87.0	0.9277823354832733	0.7853739241081624	0	0.06212239454551809	0.0003470782709652833	0.11082868278026581	0.3340397369924053
HEK293T_B44_M	0	244189.0	9762	2	3	3	103963.0	8306	244189.0	9762	103963.0	244189.0	244189.0	211843.93345318586	0.16921848	81.53	0.9260042995986445	0.5800554992683474	0	7.27449572892847e-06	0.07676263684268125	0.9321760535240173	0.9446009814835096
HEK293T_B45_M	0	204629.0	9687	2	0	0	89795.0	8032	204629.0	9687	89795.0	204629.0	204629.0	210987.76908453836	0.30952895	83.57	0.9017519446354495	0.4510095732348792	0	2.6900088603306423e-06	0.0023462656964655733	0.8649725914001465	0.9214099311571767
HEK293T_B46_M	0	166277.0	9588	2	3	3	137007.0	8795	166277.0	9588	137007.0	166277.0	166277.0	210756.92736818682	0.120015025	78.18	0.8900936736862404	0.66608123513605	0	7.530282052209268e-08	0.031649718171347097	0.9664368629455566	0.9642296852931828
HEK293T_B47_M	0	202636.0	10095	1	4	4	153078.0	9025	202636.0	10095	153078.0	202636.0	202636.0	213568.8544582404	0.51652515	48.72	0.9003548553571029	0.22980018631914498	0	2.8315508663018317e-06	0.0009019482623162003	0.4329976737499237	0.7977855081024586
HEK293T_B48_M	0	163872.0	9572	2	0	0	104076.0	8410	163872.0	9572	104076.0	163872.0	163872.0	212248.20254833042	0.2599606	65.72	0.9549842395226944	0.481515058583173	0	1.9509615372195073e-07	0.008180048634621408	0.9298806190490723	0.8972238553739873
HEK293T_B49_M	0	208297.0	10011	2	0	0	106697.0	8436	208297.0	10011	106697.0	208297.0	208297.0	212121.11726525106	0.30126783	69.66	0.9338682758575422	0.4514783197191538	0	1.3842410987208926e-07	0.010555129671391307	0.946101725101471	0.9113375765044553
HEK293T_B50_M	0	205345.0	9833	3	3	3	115865.0	8815	205345.0	9833	115865.0	205345.0	205345.0	212042.57221748764	0.6949825	76.5	0.9814738373058882	-0.12672833531536426	0	9.339548991623299e-10	1.0	0.9805694222450256	0.976004917632718
HEK293T_B51_M	0	224375.0	10247	1	1	1	143658.0	8995	224375.0	10247	143658.0	224375.0	224375.0	213986.88736713096	0.201944	65.42	0.9160739872062637	0.5769944531469433	0	4.197499724190998e-06	0.0005942466044211751	0.37126922607421875	0.6743846281154344
HEK293T_B52_M	0	230921.0	10120	3	3	3	172454.0	9309	230921.0	10120	172454.0	230921.0	230921.0	211960.67667730522	0.6949825	76.5	0.9814738373058882	-0.12672833531536426	0	9.339548991623299e-10	1.0	0.9729257822036743	0.976004917632718
HEK293T_B53_M	0	208972.0	9551	1	1	1	126887.0	8584	208972.0	9551	126887.0	208972.0	208972.0	213204.86348410312	0.2793913	63.73	0.8499208328532908	0.4797671571388151	0	1.9970776159181127e-06	0.0004972108320330246	0.39960092306137085	0.7112346445212344
HEK293T_B54_M	0	264124.0	10510	2	0	0	108496.0	8899	264124.0	10510	108496.0	264124.0	264124.0	213375.52777483308	0.1658662	73.5	0.8117282909922189	0.6770970875391854	0	1.102288060862585e-05	0.05637494029960482	0.8402311205863953	0.966436115003326
HEK293T_B55_M	0	293406.0	10314	3	2	2	105178.0	8473	293406.0	10314	105178.0	293406.0	293406.0	213801.1672460686	0.17515057	51.87	0.9679195178312442	0.5949460657188023	0	1.0	0.0	0.01713196188211441	0.0
HEK293T_B56_M	0	161582.0	9800	1	4	4	96606.0	8405	161582.0	9800	96606.0	161582.0	161582.0	213261.17402309665	0.51989555	44.22	0.7831965191508541	0.22356782964154243	0	4.870728810919148e-06	0.0009624300069525947	0.5870621800422668	0.8075681305120581
HEK293T_B57_M	0	294190.0	10576	3	3	3	181968.0	9363	294190.0	10576	181968.0	294190.0	294190.0	211096.1484006934	0.32027957	79.66	0.9791002639839631	0.47817779704697533	0	4.203370333147712e-08	0.38238769153008256	0.9973074197769165	1.0
HEK293T_B58_M	0	135874.0	9072	1	4	4	57339.0	7220	135874.0	9072	57339.0	135874.0	135874.0	212236.7770287178	0.56460875	44.58	0.8342718050167568	0.14120357236928394	0	4.231217887288875e-06	0.0009359918266515301	0.5040663480758667	0.8019815293074641
HEK293T_B59_M	0	187798.0	9810	1	1	1	99038.0	8492	187798.0	9810	99038.0	187798.0	187798.0	213886.66426692507	0.47162905	51.18	0.7686677737032307	0.31111146204929047	0	6.826945993461679e-06	0.0009144186013882094	0.46751004457473755	0.7698234618030229
HEK293T_B60_M	0	173071.0	9878	3	0	0	111757.0	8626	173071.0	9878	111757.0	173071.0	173071.0	212950.88870463567	0.6949825	76.5	0.9814738373058882	-0.12689606537619133	0	9.339548991623299e-10	1.0	0.9805694222450256	0.976004917632718
HEK293T_B61_M	0	205530.0	9935	2	0	0	149978.0	8999	205530.0	9935	149978.0	205530.0	205530.0	210878.7988468837	0.32563126	63.95	0.9365817819877459	0.43523463278300445	0	2.141454776980849e-06	0.0023278422363522196	0.8822028040885925	0.9219701593654508
