	orig.ident	nCount_RNA	nFeature_RNA	cell_cycle	RNA_snn_res.0.4	seurat_clusters	nCount_unspliced	nFeature_unspliced	nCount_spliced	nFeature_spliced	initial_size_spliced	initial_size_unspliced	initial_size	n_counts	velocity_self_transition	velocity_length	velocity_confidence	velocity_confidence_transition	Endpoints	root_cells	end_points	velocity_pseudotime	latent_time
HEK293T_A01	0	267213.0	10573	2	0	0	133665.0	9062	267213.0	10573	267213.0	133665.0	267213.0	211772.9817898081	0.1856553	82.5	0.9434203081647642	0.5776097236062304	0	3.7742168180790165e-08	0.08756732251906889	0.9832929372787476	0.9674367311273424
HEK293T_A02	0	228519.0	10195	1	4	4	192055.0	9601	228519.0	10195	228519.0	192055.0	228519.0	213830.8797474171	0.50313246	49.11	0.7929135389972938	0.2628025003120151	0	6.5022906452162994e-06	0.0009546052600056133	0.4671839475631714	0.7791159840950279
HEK293T_A03	0	256105.0	10031	1	1	1	134770.0	8859	256105.0	10031	256105.0	134770.0	256105.0	213609.3248042795	0.25539345	63.13	0.8863879612150039	0.5141421722816228	0	4.065309867708234e-06	0.0005980712499050311	0.37977343797683716	0.6985210825467865
HEK293T_A04	0	340958.0	11029	2	0	0	211371.0	9756	340958.0	11029	340958.0	211371.0	340958.0	212275.80025692313	0.1918912	82.4	0.9509851695026752	0.581531505402627	0	2.452858909459121e-08	0.14102484057671416	0.994479775428772	0.9651422326517044
HEK293T_A05	0	192395.0	9682	2	0	0	164772.0	8968	192395.0	9682	192395.0	164772.0	192395.0	212126.13465526648	0.30660683	60.49	0.6906978590830714	0.468668056415349	0	8.564280909097263e-06	0.005778639988135471	0.7644414305686951	0.8591222175986535
HEK293T_A06	0	249935.0	10247	3	2	2	142775.0	9001	249935.0	10247	249935.0	142775.0	249935.0	213714.4653249845	0.06672847	62.66	0.9769252192399968	0.7007738561158752	0	0.8408845759530128	0.0	0.007427421864122152	0.03487120930901367
HEK293T_A07	0	282111.0	10472	3	2	2	117297.0	8857	282111.0	10472	282111.0	117297.0	282111.0	213985.53723534354	0.048715353	62.66	0.9698081274529522	0.723808154429317	0	0.7591638118470803	1.6748673679521728e-09	0.010939391329884529	0.03487120930901367
HEK293T_A08	0	286975.0	10527	2	0	0	227752.0	9542	286975.0	10527	286975.0	227752.0	286975.0	212161.84622702326	0.17250562	73.06	0.9150217671009596	0.5992109261530046	0	5.963036325930322e-08	0.017078991489230984	0.9607924818992615	0.9007722337002245
HEK293T_A09	0	230762.0	10158	1	1	1	172315.0	9227	230762.0	10158	230762.0	172315.0	230762.0	213389.76278156717	0.15438938	62.99	0.874560850291469	0.6345160895168238	0	6.9048351047775515e-06	0.0007548987038764883	0.4185970425605774	0.6763268426176663
HEK293T_A10	0	243528.0	9952	2	0	0	139676.0	8764	243528.0	9952	243528.0	139676.0	243528.0	211811.04331329462	0.29647332	64.73	0.936949662480798	0.44676328567624696	0	7.677503803014208e-07	0.006177280102474483	0.892842710018158	0.8905791539959332
HEK293T_A11	0	207705.0	10183	2	0	0	155074.0	9085	207705.0	10183	207705.0	155074.0	207705.0	211281.08706579043	0.19737744	83.12	0.9651178353104397	0.5757082847274951	0	2.4682094838966523e-08	0.11930539550929167	0.9939633011817932	0.9688527447258771
HEK293T_A12	0	232577.0	9934	3	1	1	111246.0	8730	232577.0	9934	232577.0	111246.0	232577.0	213612.18886648293	0.008578241	86.47	0.9251138472652308	0.7870234649573836	0	0.04893095313904022	0.0004332795408577465	0.12907736003398895	0.38987116631624935
HEK293T_A13	0	232830.0	10303	1	1	1	163546.0	9362	232830.0	10303	232830.0	163546.0	232830.0	214206.64052312847	0.33863524	60.74	0.8308291329831833	0.4488154593233117	0	5.798484430670767e-06	0.0008332379269931116	0.4132181406021118	0.7191348619580963
HEK293T_A14	0	229614.0	9978	3	1	1	157737.0	9138	229614.0	9978	229614.0	157737.0	229614.0	213096.94465494264	0.016797125	84.74	0.9311432283857524	0.7633202861704168	0	0.04717172911645307	0.00044626560540523186	0.19480466842651367	0.4323911322192343
HEK293T_A15	0	299891.0	10573	2	0	0	246127.0	9639	299891.0	10573	299891.0	246127.0	299891.0	211933.367446839	0.27144462	70.22	0.9221463549894618	0.493783573930969	0	9.866890674757332e-08	0.01283866611983597	0.9381080865859985	0.8646463287395946
HEK293T_A16	0	162816.0	9591	3	2	2	102137.0	8530	162816.0	9591	162816.0	102137.0	162816.0	213251.6176112913	0.0016806722	83.72	0.9463798924853727	0.7751257652055298	0	0.4272760333177531	1.7618715311779195e-08	0.02774621546268463	0.14483007159225703
HEK293T_A17	0	273804.0	10345	3	2	2	126873.0	8821	273804.0	10345	273804.0	126873.0	273804.0	213104.3605425779	0.17491019	51.87	0.9679321395290446	0.5949631100187502	0	1.0	1.2186879585282131e-11	0.021163862198591232	0.0
HEK293T_A18	0	238161.0	10039	2	0	0	134076.0	8764	238161.0	10039	238161.0	134076.0	238161.0	211409.27323113356	0.16619503	70.33	0.934499446343365	0.601856551182319	0	6.251830162255532e-08	0.017065241184395508	0.9582836627960205	0.8908362870546847
HEK293T_A19	0	175465.0	9747	1	4	4	80287.0	8046	175465.0	9747	175465.0	80287.0	175465.0	212571.48136095516	0.4493521	47.52	0.8690613450126058	0.3450361191906722	0	2.1105457204610483e-06	0.0008127638381590181	0.4433758854866028	0.7660944815843671
HEK293T_A20	0	221504.0	10079	3	2	2	131414.0	8855	221504.0	10079	221504.0	131414.0	221504.0	213451.7062987576	0.100693166	58.71	0.980543753000308	0.6725609246787669	0	0.9205016485503822	8.93721238782248e-11	0.006437981966882944	0.02091099412617535
HEK293T_A21	0	199820.0	10073	1	4	4	130047.0	8927	199820.0	10073	199820.0	130047.0	199820.0	213610.7523771394	0.48247504	48.2	0.8592216810288688	0.2164112096154932	0	3.474035519569401e-06	0.0009642099402855099	0.4601474702358246	0.7940887106956287
HEK293T_A22	0	338661.0	10599	3	2	2	216428.0	9583	338661.0	10599	338661.0	216428.0	338661.0	213769.08014208896	0.10033822	56.15	0.973499021597869	0.665490746191044	0	0.8408845759530128	0.0	0.0075023360550403595	0.014515961305261747
HEK293T_A23	0	182594.0	9402	2	3	3	61153.0	7543	182594.0	9402	182594.0	61153.0	182594.0	210850.05797014144	0.13574916	79.79	0.910045614453518	0.6541222289312987	0	6.363134846141821e-08	0.05543964776894104	0.9805229902267456	0.9514531044300438
HEK293T_A24	0	173355.0	9904	2	0	0	86072.0	8595	173355.0	9904	173355.0	86072.0	173355.0	212813.59901358487	0.25246817	80.27	0.9608615052848825	0.5290973429442645	0	2.7929249785633506e-08	0.13464911853090944	0.9582428932189941	0.9452600415013105
HEK293T_A25	0	219146.0	10447	2	0	0	124948.0	9145	219146.0	10447	219146.0	124948.0	219146.0	212453.48921723416	0.14269131	76.43	0.9075776918316061	0.6376968872101652	0	5.793137320439469e-07	0.02430692843954011	0.9425024390220642	0.9179452973781066
HEK293T_A26	0	183802.0	9548	2	3	3	60522.0	7634	183802.0	9548	183802.0	60522.0	183802.0	211142.45695367843	0.22332376	81.68	0.9601688771452677	0.5481839045773144	0	6.054558515745663e-06	0.1052053489223476	0.9326740503311157	0.9367969501681072
HEK293T_A27	0	244938.0	10330	3	2	2	173317.0	9275	244938.0	10330	244938.0	173317.0	244938.0	213935.74099159788	0.018018663	87.2	0.9263235022200934	0.762367380702072	0	0.09109199000435257	0.00021955039558321505	0.0871165320277214	0.28582584066472255
HEK293T_A28	0	281331.0	10607	3	2	2	202183.0	9628	281331.0	10607	281331.0	202183.0	281331.0	213342.62442816468	0.027068794	73.42	0.961657682540895	0.7514258320197056	0	0.6789048980356411	1.6061213208303093e-09	0.008080831728875637	0.07473103630260983
HEK293T_A29	0	179827.0	9719	2	0	0	71554.0	7890	179827.0	9719	179827.0	71554.0	179827.0	211487.11383162707	0.29983267	84.14	0.9057298496659945	0.45548270391239176	0	3.4854424719759854e-06	0.0024029875389868244	0.8597433567047119	0.8831943034981864
HEK293T_A30	0	273996.0	10450	2	0	0	168686.0	9328	273996.0	10450	273996.0	168686.0	273996.0	211389.7887596899	0.2560135	65.13	0.9583416513283595	0.48086424392455135	0	1.217256103896564e-07	0.008186275150032401	0.9257922768592834	0.8572873858074469
HEK293T_A31	0	229135.0	9773	3	3	3	147108.0	8871	229135.0	9773	229135.0	147108.0	229135.0	212442.16063456042	0.27989864	80.7	0.9465808793826113	0.4879641707708717	0	7.236923731048661e-06	0.3197845158927314	0.9206631183624268	0.9709284122599282
HEK293T_A32	0	275035.0	10548	1	4	4	190105.0	9483	275035.0	10548	275035.0	190105.0	275035.0	213196.52822368062	0.4241006	48.04	0.8737197048060478	0.3661752767299086	0	2.1105457204610483e-06	0.0008127638381590181	0.44262242317199707	0.7705798886985433
HEK293T_A33	0	172047.0	9488	1	1	1	122360.0	8615	172047.0	9488	172047.0	122360.0	172047.0	213061.22516521646	0.36443102	52.4	0.8586931555363216	0.4075382732674865	0	1.556254153151874e-06	0.000580909008384546	0.4075809419155121	0.7435660501825982
HEK293T_A34	0	278696.0	10203	2	0	0	138427.0	8843	278696.0	10203	278696.0	138427.0	278696.0	212220.9897020409	0.2960362	84.27	0.9071217817242756	0.47555603301773486	0	4.563087233408007e-06	0.0024503804473596526	0.8554165959358215	0.8821814165128214
HEK293T_A35	0	221105.0	9841	2	0	0	164013.0	8895	221105.0	9841	221105.0	164013.0	221105.0	211160.73638316637	0.25899976	63.89	0.9470849168436952	0.47610503336743865	0	6.861963693392822e-07	0.008190518750058792	0.9090402126312256	0.8960862677094712
HEK293T_A36	0	286051.0	10390	2	0	0	190533.0	9311	286051.0	10390	286051.0	190533.0	286051.0	212986.2065191172	0.22348213	81.07	0.8892551212444486	0.5544532795827045	0	7.010523462796758e-06	0.007541922001299036	0.834191620349884	0.8835223470570626
HEK293T_A37	0	199775.0	9614	1	1	1	87058.0	8251	199775.0	9614	199775.0	87058.0	199775.0	212608.16013014637	0.09359497	69.38	0.9203395710197982	0.6988070902626746	0	5.14124331680082e-06	0.000480914439133269	0.35281121730804443	0.6222475567593311
HEK293T_A38	0	152381.0	9081	1	1	1	139420.0	8416	152381.0	9081	152381.0	139420.0	152381.0	212281.97841594424	0.34835753	52.47	0.8545351468655153	0.42854085709225964	0	1.556254153151874e-06	0.000580909008384546	0.4123978316783905	0.7504245580756288
HEK293T_A39	0	255353.0	10515	2	0	0	188718.0	9486	255353.0	10515	255353.0	188718.0	255353.0	211682.3415702968	0.1739819	74.88	0.9135633520029313	0.6009018637213291	0	5.872857771336002e-08	0.024291249277000347	0.9431715607643127	0.9115182486852856
HEK293T_A40	0	185962.0	9802	1	4	4	98441.0	8224	185962.0	9802	185962.0	98441.0	185962.0	212507.54381002573	0.5265627	44.1	0.8089636869045917	0.19965230069769924	0	4.183473595265037e-06	0.0009383129030030528	0.5450843572616577	0.8001655100272675
HEK293T_A41	0	137135.0	9212	1	1	1	110268.0	8512	137135.0	9212	137135.0	110268.0	137135.0	213767.01261530607	0.09418833	69.7	0.9204316064763587	0.6975289830620846	0	5.14124331680082e-06	0.000480914439133269	0.3494738042354584	0.6182525332639034
HEK293T_A42	0	299162.0	10602	3	2	2	244540.0	9733	299162.0	10602	299162.0	244540.0	299162.0	213483.07186073097	0.014695466	87.37	0.9415239722662769	0.7767279880601583	0	0.166099779108047	0.0002194519062460129	0.05796384811401367	0.19081746336566363
HEK293T_A43	0	233678.0	10366	3	2	2	151768.0	9339	233678.0	10366	233678.0	151768.0	233678.0	214253.81563091092	0.0	78.57	0.9453477446286062	0.7930013078307239	0	0.5076248738663729	5.185206856548607e-08	0.024489974603056908	0.10409204588604412
HEK293T_A44	0	167941.0	9555	2	0	0	148833.0	8919	167941.0	9555	167941.0	148833.0	167941.0	212405.16688598972	0.39104775	55.78	0.63199977537026	0.4088260167283664	0	8.382182335513623e-06	0.005805018429980969	0.6925853490829468	0.8636212442602095
HEK293T_A45	0	175544.0	9443	1	1	1	76048.0	7943	175544.0	9443	175544.0	76048.0	175544.0	213190.7458016224	0.11106336	66.28	0.9181332540602988	0.678501831883118	0	5.6905992835351396e-06	0.0005864679760445621	0.3657715320587158	0.6463806925896077
HEK293T_A46	0	185042.0	9687	2	0	0	100378.0	8231	185042.0	9687	185042.0	100378.0	185042.0	211941.35782687174	0.22581613	63.49	0.9595532239535388	0.5193345479846674	0	1.1540049525594969e-07	0.005532522875520373	0.9209976196289062	0.8833653427649452
HEK293T_A47	0	284184.0	10656	3	2	2	176195.0	9608	284184.0	10656	284184.0	176195.0	284184.0	213726.91696224984	0.0	80.38	0.9395239550315747	0.8063617014750305	0	0.33503984261442105	0.00021945166763677002	0.041990168392658234	0.1180435196176018
HEK293T_A48	0	158676.0	9402	2	0	0	81716.0	8019	158676.0	9402	158676.0	81716.0	158676.0	212734.58886031914	0.22281843	85.04	0.8859431438030219	0.5537614742651977	0	6.165126725893424e-06	0.007492482575030257	0.8453021049499512	0.8847969795996686
HEK293T_A49	0	197956.0	10123	2	0	0	88783.0	8393	197956.0	10123	197956.0	88783.0	197956.0	213088.45011012547	0.20128715	87.91	0.9046311897775844	0.5794191146506942	0	1.1324610102626762e-05	0.0251503746192112	0.8850545287132263	0.9125079992128443
HEK293T_A50	0	273760.0	10610	2	0	0	180572.0	9376	273760.0	10610	273760.0	180572.0	273760.0	212982.84046244886	0.25834638	64.77	0.9527844264459894	0.47814519518765025	0	1.279309531466572e-07	0.010453294425099303	0.9232080578804016	0.8620505725889464
HEK293T_A51	0	216444.0	9578	3	1	1	106357.0	8304	216444.0	9578	216444.0	106357.0	216444.0	212303.48895326277	0.034933925	78.27	0.9187579666427395	0.729756641304487	0	0.013800287054650504	0.0005206745141850595	0.27068087458610535	0.5404873716422469
HEK293T_A52	0	210167.0	9874	2	0	0	120546.0	8683	210167.0	9874	210167.0	120546.0	210167.0	211948.43484467117	0.14427328	80.69	0.9155813986572598	0.6462507217197142	0	4.063549212789714e-08	0.06052800186221039	0.9639211297035217	0.9519443796713856
HEK293T_A53	0	243897.0	10636	1	4	4	198007.0	9549	243897.0	10636	243897.0	198007.0	243897.0	212334.91167173025	0.3850893	52.77	0.6234184991499502	0.38955065085932566	0	8.03663610141847e-06	0.0058510622652312005	0.7169167399406433	0.8475205075364668
HEK293T_A54	0	218394.0	10349	2	0	0	132976.0	9158	218394.0	10349	218394.0	132976.0	218394.0	212949.30400560456	0.24213892	61.95	0.7689995368190509	0.5223077746270627	0	1.3795982914028688e-05	0.008619179296362725	0.7573562860488892	0.8790896111359188
HEK293T_A55	0	204121.0	10409	2	4	4	151522.0	9375	204121.0	10409	204121.0	151522.0	204121.0	212427.53800441895	0.23874307	84.8	0.9046765480968981	0.5284478337349146	0	5.31312863762883e-06	0.009700424433730048	0.8277381062507629	0.8913458437086227
HEK293T_A56	0	199339.0	9748	1	1	1	126881.0	8801	199339.0	9748	199339.0	126881.0	199339.0	213520.98787492665	0.25755113	63.89	0.8886770729404084	0.5084928952953247	0	3.0462468467702363e-06	0.0005913103825590384	0.37021294236183167	0.6873832683157355
HEK293T_A57	0	191857.0	9788	2	0	0	82610.0	8102	191857.0	9788	191857.0	82610.0	191857.0	211928.63441521546	0.26322204	81.39	0.9309383493399692	0.5051507860973983	0	7.251398737646254e-06	0.103671926077146	0.9242935180664062	0.9645908851522841
HEK293T_A58	0	220953.0	10122	3	3	3	148691.0	9133	220953.0	10122	220953.0	148691.0	220953.0	211534.0	0.22990412	79.35	0.9800122781901491	0.5666393321554101	0	1.004218061331035e-09	0.5581961630403124	0.9718888401985168	0.9914099229036772
HEK293T_A59	0	187668.0	9366	1	0	0	71521.0	7666	187668.0	9366	187668.0	71521.0	187668.0	211182.08035999746	0.32516694	85.8	0.8399022048271503	0.4243802356753256	0	6.387153665241834e-06	0.0005731875053595545	0.8347329497337341	0.8741741725089766
HEK293T_A60	0	154379.0	9525	2	0	0	76039.0	8046	154379.0	9525	154379.0	76039.0	154379.0	211937.63555924056	0.29461855	63.12	0.9129373444950071	0.4568691026695662	0	4.718721510811478e-06	0.00045135757833775035	0.859107494354248	0.8747121353319424
HEK293T_A61	0	211112.0	10080	3	1	1	155811.0	9274	211112.0	10080	211112.0	155811.0	211112.0	213288.637865209	0.055743575	79.09	0.9288845932235216	0.7061672619357704	0	0.019519674056129404	0.0004940618256917541	0.2540940046310425	0.5314431406951549
HEK293T_A62	0	182175.0	10028	3	3	3	130555.0	8945	182175.0	10028	182175.0	130555.0	182175.0	210915.3602140799	0.45265493	77.94	0.9857899509859188	0.3179050799507566	0	2.9328299574550077e-08	0.9891356963475549	0.999584436416626	0.996558560415277
HEK293T_A63	0	283412.0	10458	2	0	0	161883.0	9213	283412.0	10458	283412.0	161883.0	283412.0	211444.00341199388	0.30328766	63.18	0.9452499206783495	0.4339474837778213	0	7.505554125041566e-07	0.0035240277496439284	0.9074890613555908	0.8853614888821294
HEK293T_A64	0	218881.0	10238	3	3	3	128364.0	9052	218881.0	10238	218881.0	128364.0	218881.0	212054.55429205825	0.28874677	78.12	0.9795347387717147	0.5053587894840733	0	4.5990736219592097e-10	0.9443740699243065	0.9720038771629333	0.9830936577741562
HEK293T_A65	0	274440.0	10879	3	2	2	186907.0	9703	274440.0	10879	274440.0	186907.0	274440.0	213046.86947966766	0.17491019	51.87	0.9679321395290446	0.5949631320506936	0	1.0	1.2186879585282131e-11	0.0	0.0
HEK293T_A66	0	200853.0	10059	1	4	4	122453.0	8860	200853.0	10059	200853.0	122453.0	200853.0	213261.28827052622	0.50225925	48.53	0.7630680014482969	0.2622260429275584	0	4.708563169532593e-06	0.0009914475459777018	0.5030502676963806	0.7856376570994213
HEK293T_A67	0	162394.0	9447	2	3	3	124874.0	8597	162394.0	9447	162394.0	124874.0	162394.0	211224.72216953826	0.1942237	81.02	0.9657416976913684	0.5819547668500207	0	3.3964979144957245e-08	0.09763863968381079	0.9692298173904419	0.9615397516246805
HEK293T_A68	0	277804.0	10704	1	0	0	216683.0	9797	277804.0	10704	277804.0	216683.0	277804.0	210756.5396898533	0.2135055	82.63	0.9741350966180173	0.5618313085258277	0	2.214228180753112e-08	0.1824415416431399	0.996209979057312	0.9654542512952391
HEK293T_A69	0	183182.0	9842	1	4	4	127282.0	8770	183182.0	9842	183182.0	127282.0	183182.0	212941.46051467938	0.12767512	62.72	0.8511442760753672	0.6618133218904881	0	0.003045476314767397	0.000931480206330115	0.388733446598053	0.6577068857128335
HEK293T_A70	0	161842.0	9509	3	3	3	111225.0	8657	161842.0	9509	161842.0	111225.0	161842.0	210304.136293422	0.19195414	82.09	0.9356967245559578	0.5476886749541182	0	2.7684849055643478e-08	0.08203485109794709	0.9571372270584106	0.9457563114907236
HEK293T_A71	0	188147.0	9849	2	0	0	98884.0	8469	188147.0	9849	188147.0	98884.0	188147.0	211819.97379708418	0.29258972	74.2	0.90165933756317	0.48621641897514567	0	7.620919189795512e-08	0.015009768816606098	0.944364070892334	0.8802542839148768
HEK293T_A72	0	244515.0	10427	1	4	4	161336.0	9404	244515.0	10427	244515.0	161336.0	244515.0	212949.47988466965	0.5252798	47.61	0.8878289197619361	0.20515600048147836	0	3.2009208477803647e-06	0.0009411045679401227	0.4642755389213562	0.7977230739955905
HEK293T_A73	0	160085.0	9283	2	0	0	125260.0	8272	160085.0	9283	160085.0	125260.0	160085.0	210109.9680607178	0.32143405	64.13	0.9383948203018315	0.4228341142034398	0	1.3946593239018649e-06	0.002312793150535985	0.8904520273208618	0.8798151170661048
HEK293T_A74	0	189738.0	9866	2	0	0	87387.0	8218	189738.0	9866	189738.0	87387.0	189738.0	211625.22417227965	0.12787563	71.76	0.9248088951465351	0.6356117110103003	0	4.861344265033836e-08	0.01705737827041458	0.9615893959999084	0.9047440120686981
HEK293T_A75	0	305275.0	10514	3	2	2	176745.0	9312	305275.0	10514	305275.0	176745.0	305275.0	211927.4200802555	0.17491019	51.87	0.9679321395290446	0.5949631320506936	0	1.0	1.2186879585282131e-11	0.0004687545297201723	0.0
HEK293T_A76	0	315524.0	10723	3	3	3	217872.0	9748	315524.0	10723	315524.0	217872.0	315524.0	210851.5591428861	0.19738913	81.2	0.9527177065454839	0.5794284124802076	0	5.192741593894781e-08	0.0875252849818526	0.9648604393005371	0.9579904928957372
HEK293T_A77	0	329468.0	10678	2	0	0	207911.0	9555	329468.0	10678	329468.0	207911.0	329468.0	212048.96992424148	0.28551036	69.57	0.9449593292260047	0.47902713975728717	0	6.442937713147371e-07	0.010448398075162358	0.9271640777587891	0.8845207648433784
HEK293T_A78	0	324211.0	11019	2	0	0	208431.0	9658	324211.0	11019	324211.0	208431.0	324211.0	211292.59743808815	0.118258774	81.51	0.9310469873116561	0.6682328732398165	0	3.622727658400913e-08	0.0752002768586688	0.9917015433311462	0.9576716195019127
HEK293T_A79	0	263788.0	10416	1	1	1	192268.0	9327	263788.0	10416	263788.0	192268.0	263788.0	212981.4103105524	0.06901139	70.87	0.8997779953252139	0.7263719617379464	0	0.000339221864827106	0.0007762182612062392	0.34935319423675537	0.5870498514973297
HEK293T_A80	0	203482.0	10370	1	0	0	190188.0	9525	203482.0	10370	203482.0	190188.0	203482.0	212370.36118182447	0.23790884	84.14	0.92179347815181	0.5332821798019806	0	4.556816472094917e-06	0.012295759817821165	0.8643665909767151	0.8920844803584191
HEK293T_A81	0	166406.0	9494	1	0	0	110909.0	8480	166406.0	9494	166406.0	110909.0	166406.0	212975.60961744166	0.389891	49.74	0.6546688630113465	0.3699458948429966	0	7.017557293830695e-06	0.0009724336747207264	0.7043320536613464	0.81894320724803
HEK293T_A82	0	176694.0	9651	3	2	2	73248.0	8029	176694.0	9651	176694.0	73248.0	176694.0	213470.10441780704	0.12298244	56.27	0.9785078744461356	0.6504573622580637	0	0.9205016485503822	8.93721238782248e-11	0.0068242778070271015	0.013479105251234429
HEK293T_B01	0	295233.0	10695	3	2	2	150349.0	9324	295233.0	10695	295233.0	150349.0	295233.0	215082.53385292293	0.17491019	51.87	0.9679321395290446	0.5949631312512684	0	1.0	1.2186879585282131e-11	0.02646745927631855	0.0
HEK293T_B02	0	209808.0	9787	3	1	1	159056.0	9141	209808.0	9787	209808.0	159056.0	209808.0	212445.89667696183	0.010795116	86.76	0.9322172759628145	0.7725086611324423	0	0.06100459152150828	0.0003493811303707672	0.10661563277244568	0.353416095870326
HEK293T_B03	0	259865.0	10432	3	2	2	193475.0	9227	259865.0	10432	259865.0	193475.0	259865.0	214003.81919842996	0.100693166	58.71	0.980543753000308	0.6725608860259443	0	0.9205016485503822	8.93721238782248e-11	0.006437953095883131	0.02091099412617535
HEK293T_B04	0	258852.0	10604	2	0	0	216546.0	9550	258852.0	10604	258852.0	216546.0	258852.0	211844.36084326176	0.25834638	64.77	0.9527844264459894	0.47814514943384495	0	1.279309531466572e-07	0.010453294425099303	0.9232079386711121	0.8620505725889464
HEK293T_B05	0	235264.0	10129	2	0	0	175923.0	9088	235264.0	10129	235264.0	175923.0	235264.0	212753.1026803931	0.34302595	63.95	0.9369383574173376	0.3984755696662124	0	2.1255733214675018e-06	0.00037271484964991055	0.894878089427948	0.876045271019816
HEK293T_B06	0	236704.0	10189	3	1	1	165510.0	9287	236704.0	10189	236704.0	165510.0	236704.0	214002.47935818575	0.0	86.31	0.9320719405747875	0.7831452332325869	0	0.05662962947605384	0.00041029354073485484	0.11424794793128967	0.3791822845921639
HEK293T_B07	0	237762.0	10359	3	0	0	172468.0	9209	237762.0	10359	237762.0	172468.0	237762.0	211252.0033436798	0.25534475	81.16	0.9736152942327125	0.5351927981204392	0	2.4197310546741005e-08	0.14293135959557088	0.992449164390564	0.9620353265160293
HEK293T_B08	0	208585.0	9626	2	0	0	69753.0	7841	208585.0	9626	208585.0	69753.0	208585.0	212035.85661001512	0.21775246	63.18	0.9592776864318671	0.5316236799399165	0	1.1540049525594969e-07	0.005532522875520373	0.9182758927345276	0.8862700190187405
HEK293T_B09	0	286950.0	10560	2	0	0	208988.0	9762	286950.0	10560	286950.0	208988.0	286950.0	212104.8699320439	0.20350373	81.1	0.8749563526029273	0.5734855357705141	0	1.1648441805162403e-05	0.03836454717488193	0.8734396696090698	0.9150811547390215
HEK293T_B10	0	297683.0	10831	1	2	2	236739.0	9782	297683.0	10831	297683.0	236739.0	297683.0	213713.16580725132	0.23375005	79.32	0.608473722850048	0.5469103383059338	0	0.0003457661278362705	0.006500734952863996	0.46498069167137146	0.7256490502421116
HEK293T_B11	0	189429.0	10100	2	0	0	139433.0	8906	189429.0	10100	189429.0	139433.0	189429.0	212122.06512202462	0.25663233	62.71	0.95107631775395	0.4860285307555494	0	2.5911061894751145e-07	0.003506454887001307	0.9102534055709839	0.8772495902109906
HEK293T_B12	0	247329.0	10339	1	4	4	154441.0	9222	247329.0	10339	247329.0	154441.0	247329.0	213240.65228096987	0.36599272	61.07	0.8275644660870727	0.4141293495118932	0	5.4060729173976164e-06	0.0008107961542980697	0.40510478615760803	0.7390598469941031
HEK293T_B13	0	154786.0	9343	3	1	1	70518.0	7846	154786.0	9343	154786.0	70518.0	154786.0	213248.9224929903	0.055743575	79.09	0.9288845932235216	0.7061672984228641	0	0.019519674056129404	0.0004940618256917541	0.25559884309768677	0.5314431406951549
HEK293T_B14	0	191779.0	9801	1	1	1	146313.0	8944	191779.0	9801	191779.0	146313.0	191779.0	213929.6580908233	0.06901139	70.87	0.9040750789001096	0.7249578953343273	0	6.470141456653057e-06	0.0005026385500989385	0.3397577106952667	0.5870498514973297
HEK293T_B15	0	371663.0	10914	3	3	3	214283.0	9680	371663.0	10914	371663.0	214283.0	371663.0	212469.51009113094	0.78954834	76.8	0.9808499310360912	-0.3596037153051275	0	2.2603360630777206e-09	0.9994501643309759	0.9816088080406189	0.9729429928435464
HEK293T_B16	0	234322.0	10265	3	3	3	116407.0	8888	234322.0	10265	234322.0	116407.0	234322.0	212224.1485861336	0.44071487	77.69	0.9871186871593369	0.33450851438226714	0	4.111008942466852e-09	0.9954116625308295	0.9884781241416931	0.9914172692965623
HEK293T_B17	0	215326.0	10199	1	4	4	139749.0	9084	215326.0	10199	215326.0	139749.0	215326.0	213653.09361619127	0.28077275	58.15	0.8418959296322049	0.4821015372674036	0	1.8424595413209285e-06	0.000617237818787818	0.4053996801376343	0.7263562196832751
HEK293T_B18	0	172709.0	9419	3	1	1	78888.0	7980	172709.0	9419	172709.0	78888.0	172709.0	213264.18511484636	0.14608455	67.18	0.907419568987826	0.6331171674743844	0	3.5475582016141154e-06	0.0005227559924813647	0.3590465188026428	0.6385746271337945
HEK293T_B19	0	160039.0	8972	1	1	1	87807.0	7843	160039.0	8972	160039.0	87807.0	160039.0	214403.3400296178	0.10840583	70.09	0.9234658973776705	0.6816470171139909	0	5.0654343335288685e-06	0.0004485706625262431	0.35768619179725647	0.6131690480421601
HEK293T_B20	0	328320.0	11262	3	2	2	248529.0	10075	328320.0	11262	328320.0	248529.0	328320.0	213372.54619883042	0.17491019	51.87	0.9679321395290446	0.594963101214668	0	1.0	1.2186879585282131e-11	0.0038106415886431932	0.0
HEK293T_B21	0	276528.0	10588	3	3	3	205993.0	9603	276528.0	10588	276528.0	205993.0	276528.0	212641.53386998785	0.29599744	77.64	0.9804510185271892	0.49268320877581623	0	5.289425341336889e-10	0.9735109250794872	0.9758408665657043	0.9837210177064768
HEK293T_B22	0	168326.0	9539	2	0	0	122182.0	8480	168326.0	9539	168326.0	122182.0	168326.0	212051.92534130198	0.28094637	62.94	0.9499893806368632	0.4567372521339498	0	8.74074169571278e-07	0.00229711398799622	0.9047244787216187	0.8757906590225101
HEK293T_B23	0	205545.0	10339	2	0	0	139884.0	9069	205545.0	10339	205545.0	139884.0	205545.0	211605.13316791944	0.22014642	69.52	0.9242967280183995	0.5374789278763628	0	7.621507071243399e-08	0.00985624483614321	0.9744604825973511	0.8723133280449051
HEK293T_B24	0	190965.0	9572	1	1	1	142508.0	8872	190965.0	9572	190965.0	142508.0	190965.0	213792.11650302412	0.20046228	65.47	0.9063295370751223	0.5735780506971185	0	3.262895595511868e-06	0.0005453632819478686	0.36909499764442444	0.664110468565996
HEK293T_B25	0	194983.0	10076	1	4	4	95894.0	8339	194983.0	10076	194983.0	95894.0	194983.0	213212.17160470402	0.46188667	47.44	0.7419710439767094	0.2622267443815133	0	5.375505438006734e-06	0.0009747542298857679	0.6087216734886169	0.8059316764743877
HEK293T_B26	0	239435.0	10009	3	1	1	144444.0	8880	239435.0	10009	239435.0	144444.0	239435.0	213377.65313341824	0.055743575	79.09	0.9288845932235216	0.7061673192560095	0	0.019519674056129404	0.0004940618256917541	0.27796581387519836	0.5314431406951549
HEK293T_B27	0	285294.0	10494	3	2	2	186887.0	9332	285294.0	10494	285294.0	186887.0	285294.0	213781.3637931397	0.14736754	53.45	0.9710319170546037	0.6282454400541304	0	0.9205016485503822	8.93721238782248e-11	0.006416215095669031	0.006425646530094445
HEK293T_B28	0	267286.0	9808	1	1	1	106451.0	8492	267286.0	9808	267286.0	106451.0	267286.0	212495.50449705555	0.1487006	67.06	0.9155092381716506	0.6295510158175375	0	3.837767663577673e-06	0.0005062620796705395	0.3589281737804413	0.638104133389113
HEK293T_B29	0	210157.0	9925	2	3	3	120474.0	8760	210157.0	9925	210157.0	120474.0	210157.0	210682.1555503742	0.22114491	80.65	0.9754076594250348	0.5661745251644724	0	2.289295955599527e-08	0.16222036279003071	0.9774461984634399	0.9966558046272018
HEK293T_B30	0	303257.0	10819	3	1	1	173663.0	9684	303257.0	10819	303257.0	173663.0	303257.0	213607.25646893558	0.018933773	83.43	0.9086172601307309	0.7794546187759047	0	0.03661511793491031	0.0004935410767351344	0.1407284140586853	0.46751120875142627
HEK293T_B31	0	197328.0	9575	3	1	1	89122.0	8278	197328.0	9575	197328.0	89122.0	197328.0	213420.61315677452	0.012496114	85.2	0.9444142894085624	0.7751037642757209	0	0.3046583759336807	6.159320472753813e-08	0.0359003059566021	0.1618893074155769
HEK293T_B32	0	244650.0	10054	3	3	3	160679.0	9063	244650.0	10054	244650.0	160679.0	244650.0	210692.4357939914	0.20319766	81.2	0.9706701554491234	0.5815581790123937	0	0.0	0.13491930366477292	0.9746202826499939	0.9623909036503724
HEK293T_B33	0	186921.0	9631	1	4	4	110491.0	8517	186921.0	9631	186921.0	110491.0	186921.0	214273.1437880174	0.34980068	51.36	0.8679291774886607	0.4348764040205752	0	1.9851747529367854e-06	0.0007589918549246226	0.43958690762519836	0.763001003355737
HEK293T_B34	0	226386.0	10204	1	4	4	163586.0	9210	226386.0	10204	226386.0	163586.0	226386.0	213604.68722005773	0.44431245	48.27	0.8664694487337465	0.3436776743607433	0	2.121004670222553e-06	0.0008198536722675405	0.4597148299217224	0.7632023536397867
HEK293T_B35	0	224568.0	10017	1	1	1	142181.0	8974	224568.0	10017	224568.0	142181.0	224568.0	213120.15278668373	0.055329323	70.39	0.9151082851057374	0.7354875636344147	0	5.14124331680082e-06	0.000480914439133269	0.34269702434539795	0.6056662526451021
HEK293T_B36	0	278050.0	10786	3	2	2	186698.0	9546	278050.0	10786	278050.0	186698.0	278050.0	213415.7253911167	0.17491019	51.87	0.9679321395290446	0.5949631067582559	0	1.0	1.2186879585282131e-11	0.02116399072110653	0.0
HEK293T_B37	0	286271.0	10596	3	3	3	186600.0	9410	286271.0	10596	286271.0	186600.0	286271.0	211747.36467193672	0.45682028	77.21	0.9872432538922308	0.3155568732902817	1	4.994101436051322e-09	0.9946629885741144	1.0	0.991785693777701
HEK293T_B38	0	232483.0	10140	3	2	2	113239.0	8636	232483.0	10140	232483.0	113239.0	232483.0	212995.25913722726	0.12298244	56.27	0.9785078744461356	0.650457333497994	0	0.9205016485503822	8.93721238782248e-11	0.0068242778070271015	0.013479105251234429
HEK293T_B39	0	142436.0	9220	1	4	4	103717.0	8347	142436.0	9220	142436.0	103717.0	142436.0	213655.94790642813	0.45485157	48.46	0.8726358966735867	0.32860915925051304	0	2.381675234119644e-06	0.0008538119336187563	0.46394696831703186	0.772990522054291
HEK293T_B40	0	239990.0	10278	2	0	0	130687.0	9015	239990.0	10278	239990.0	130687.0	239990.0	212267.34392266345	0.16872883	81.59	0.9314750923788001	0.6202572276633374	0	4.058950468192533e-08	0.07219179723421797	0.964484453201294	0.9584225056207683
HEK293T_B41_M	0	215399.0	10412	3	2	2	151500.0	9292	215399.0	10412	215399.0	151500.0	215399.0	213720.1920343177	0.035628915	66.81	0.9671581692339082	0.7401727250655727	0	0.7591638324189552	2.0068439049021412e-09	0.009691162966191769	0.04823145140390008
HEK293T_B42_M	0	232760.0	10409	3	2	2	108640.0	8905	232760.0	10409	232760.0	108640.0	232760.0	213776.48908747206	0.0259974	73.6	0.9577565876066277	0.7521783545143803	0	0.7591638324189552	2.0068439049021412e-09	0.008375802077353	0.07566036957466377
HEK293T_B43_M	0	183874.0	10001	3	2	2	133830.0	9137	183874.0	10001	183874.0	133830.0	183874.0	213711.8306231441	0.0001937747	87.0	0.9277977526228025	0.7852339239738019	0	0.0619490347308018	0.00034938381085750553	0.1111743226647377	0.33856500192125855
HEK293T_B44_M	0	244189.0	9762	2	3	3	103963.0	8306	244189.0	9762	244189.0	103963.0	244189.0	211843.93345318586	0.16922301	81.54	0.9259402880067547	0.5799240463202593	0	7.256404875513782e-06	0.07684125717634381	0.9341709613800049	0.9216252833165843
HEK293T_B45_M	0	204629.0	9687	2	0	0	89795.0	8032	204629.0	9687	204629.0	89795.0	204629.0	210987.76908453836	0.30921206	83.58	0.9017850700951825	0.4511462407744312	0	2.5613726469399853e-06	0.0023510154553918455	0.866797685623169	0.8838891914005318
HEK293T_B46_M	0	166277.0	9588	2	3	3	137007.0	8795	166277.0	9588	166277.0	137007.0	166277.0	210756.92736818682	0.11949122	78.18	0.8898811421929371	0.6665127681366512	0	3.624281861101733e-08	0.03167466153199866	0.9676724672317505	0.9364020327793836
HEK293T_B47_M	0	202636.0	10095	1	4	4	153078.0	9025	202636.0	10095	202636.0	153078.0	202636.0	213568.8544582404	0.5164474	48.73	0.9005174270517302	0.229871323357235	0	2.713316712650369e-06	0.0009066801299677772	0.43452176451683044	0.7941886201079009
HEK293T_B48_M	0	163872.0	9572	2	0	0	104076.0	8410	163872.0	9572	163872.0	104076.0	163872.0	212248.20254833042	0.25996476	65.74	0.9549416005102277	0.48130073096064774	0	1.217256103896564e-07	0.008186275150032401	0.9316275119781494	0.851688748429361
HEK293T_B49_M	0	208297.0	10011	2	0	0	106697.0	8436	208297.0	10011	208297.0	106697.0	208297.0	212121.11726525106	0.30127448	69.68	0.9338390235558439	0.45129988675508315	0	7.194786721874713e-08	0.010563824940520924	0.947762668132782	0.8664805509290198
HEK293T_B50_M	0	205345.0	9833	3	3	3	115865.0	8815	205345.0	9833	205345.0	115865.0	205345.0	212042.57221748764	0.6951292	76.52	0.9814662382038774	-0.12828590224427897	0	4.4078279179563675e-09	1.0	0.9828978180885315	0.9784846319469785
HEK293T_B51_M	0	224375.0	10247	1	1	1	143658.0	8995	224375.0	10247	224375.0	143658.0	224375.0	213986.88736713096	0.20175892	65.42	0.9160909071852203	0.5770031879964362	0	4.065309867708234e-06	0.0005980712499050311	0.37254607677459717	0.6692038437138735
HEK293T_B52_M	0	230921.0	10120	3	3	3	172454.0	9309	230921.0	10120	230921.0	172454.0	230921.0	211960.67667730522	0.6951292	76.52	0.9814662382038774	-0.12828590224427897	0	4.4078279179563675e-09	1.0	0.9755876660346985	0.9784846319469785
HEK293T_B53_M	0	208972.0	9551	1	1	1	126887.0	8584	208972.0	9551	208972.0	126887.0	208972.0	213204.86348410312	0.27928448	63.73	0.849900361435407	0.4797083300538575	0	1.9418826779562203e-06	0.000500430375146058	0.40101197361946106	0.7043792297799265
HEK293T_B54_M	0	264124.0	10510	2	0	0	108496.0	8899	264124.0	10510	264124.0	108496.0	264124.0	213375.52777483308	0.16598403	73.5	0.8116059397978449	0.6770644950712034	0	1.0890714947112591e-05	0.05644479743611572	0.8424714803695679	0.9449746456142237
HEK293T_B55_M	0	293406.0	10314	3	2	2	105178.0	8473	293406.0	10314	293406.0	105178.0	293406.0	213801.1672460686	0.17491019	51.87	0.9679321395290446	0.5949630969238547	0	1.0	1.2186879585282131e-11	0.017188938334584236	0.0
HEK293T_B56_M	0	161582.0	9800	1	4	4	96606.0	8405	161582.0	9800	161582.0	96606.0	161582.0	213261.17402309665	0.51747525	44.23	0.7833028509940805	0.22555738269619344	0	4.645987597213225e-06	0.0009677265942402957	0.589739978313446	0.8026493837156632
HEK293T_B57_M	0	294190.0	10576	3	3	3	181968.0	9363	294190.0	10576	294190.0	181968.0	294190.0	211096.1484006934	0.32004875	79.67	0.9791035519210943	0.4781915951772756	0	2.2569455802368673e-08	0.38239879128098747	0.9975692629814148	1.0
HEK293T_B58_M	0	135874.0	9072	1	4	4	57339.0	7220	135874.0	9072	135874.0	57339.0	135874.0	212236.7770287178	0.5632065	44.6	0.8343715563402079	0.14243073234381057	0	4.026434794663704e-06	0.0009411649910581759	0.5062758922576904	0.7988450584016469
HEK293T_B59_M	0	187798.0	9810	1	1	1	99038.0	8492	187798.0	9810	187798.0	99038.0	187798.0	213886.66426692507	0.4717533	51.2	0.7688524447517905	0.31204938693876483	0	6.514008642424084e-06	0.0009191691602256863	0.46948471665382385	0.7664695741497063
HEK293T_B60_M	0	173071.0	9878	3	0	0	111757.0	8626	173071.0	9878	173071.0	111757.0	173071.0	212950.88870463567	0.6951292	76.52	0.9814662382038774	-0.12849995475655632	0	4.4078279179563675e-09	1.0	0.982897937297821	0.9784846319469785
HEK293T_B61_M	0	205530.0	9935	2	0	0	149978.0	8999	205530.0	9935	205530.0	149978.0	205530.0	210878.7988468837	0.3252292	63.97	0.9366115007421579	0.43549773770443834	0	2.016061580661823e-06	0.002332487979553661	0.8840987086296082	0.8825293927317488
